========================================================================
§19 — DIAGNOSTICO EVT DE COLAS (universo 50) — PRE-REGISTRADO
Universo: 50 simbolos | 2019-01-01 -> 2026-08-04
Estandarizacion: EWMA vol lambda=0.94, arranque 60d | umbral POT p95%
Limitacion declarada: arch/GARCH NO instalado -> EWMA (McNeil-Frey simplificado)
Gate (fijado ANTES): (1) >=15/50 activos con xi>0 sig (t>1.64) Y (2) >=30% activos con excesos bajo VaR-normal >= 1.5%
========================================================================
precios cargados: 50/50

sym    n     exc  xi     t      VaR99GPD  VaR99emp  VaR99N ratio  excN%  excG%    LB
SPY     2912  146 +0.172 +1.77     3.120     3.232   2.326  1.34   2.23   1.10  0.00
QQQ     2912  146 +0.162 +1.69     2.976     3.025   2.326  1.28   2.20   1.06  0.00
AAPL    2912  146 +0.075 +0.84     2.840     2.835   2.326  1.22   1.96   1.00  0.85
MSFT    2912  146 +0.126 +1.35     2.827     2.754   2.326  1.22   1.65   0.93  0.96
GOOGL   2912  146 +0.215 +2.14     2.836     2.829   2.326  1.22   1.92   1.03  0.88
AMZN    2912  146 +0.116 +1.26     2.742     2.656   2.326  1.18   1.82   0.93  1.00
NVDA    2912  146 +0.136 +1.45     2.596     2.626   2.326  1.12   1.48   1.03  0.99
META    2915  146 +0.273 +2.59     3.078     2.890   2.326  1.32   1.99   0.79  1.00
TSLA    2915  146 +0.124 +1.34     2.781     2.831   2.326  1.20   1.78   1.06  0.45
AVGO    2915  146 +0.171 +1.76     2.652     2.609   2.326  1.14   1.72   0.96  0.28
BRK-B   2915  146 +0.113 +1.23     2.767     2.677   2.326  1.19   1.48   0.96  0.01
LLY     2915  146 +0.240 +2.34     2.818     2.782   2.326  1.21   1.82   0.96  1.00
JPM     2915  146 +0.148 +1.56     2.918     2.921   2.326  1.25   2.23   1.03  0.28
WMT     2915  146 +0.422 +3.58     2.839     2.667   2.326  1.22   1.82   0.86  0.99
V       2915  146 +0.036 +0.42     3.004     3.003   2.326  1.29   2.37   0.99  0.80
UNH     2915  146 +0.305 +2.83     2.944     2.942   2.326  1.27   1.82   0.99  1.00
XOM     2915  146 -0.009 -0.11     2.747     2.749   2.326  1.18   1.85   1.03  0.00
MA      2915  146 +0.030 +0.35     3.039     3.135   2.326  1.31   2.20   1.13  0.00
ORCL    2915  146 +0.164 +1.70     3.258     3.199   2.326  1.40   2.33   0.89  1.00
PG      2915  146 +0.080 +0.90     3.112     3.232   2.326  1.34   2.23   1.13  0.87
COST    2915  146 +0.352 +3.15     2.933     2.907   2.326  1.26   1.96   0.99  0.78
HD      2915  146 +0.107 +1.16     2.946     2.915   2.326  1.27   2.02   0.93  0.52
JNJ     2915  146 +0.253 +2.44     2.918     2.941   2.326  1.25   1.89   1.03  1.00
ABBV    2915  146 +0.332 +3.01     3.089     2.986   2.326  1.33   1.85   0.96  1.00
BAC     2915  146 +0.066 +0.75     2.896     2.941   2.326  1.24   2.02   1.06  0.01
MRK     2915  146 +0.263 +2.52     2.845     2.760   2.326  1.22   1.75   0.96  0.77
CRM     2915  146 +0.175 +1.80     2.994     2.969   2.326  1.29   2.09   0.96  1.00
KO      2915  146 +0.150 +1.58     2.994     2.975   2.326  1.29   1.89   0.96  0.98
ADBE    2915  146 +0.177 +1.81     3.229     3.276   2.326  1.39   2.50   1.13  0.95
PEP     2915  146 +0.097 +1.06     2.927     2.834   2.326  1.26   2.23   0.86  0.06
AMD     2915  146 +0.138 +1.46     2.718     2.552   2.326  1.17   1.48   0.75  0.99
NFLX    2915  146 +0.364 +3.22     2.846     2.757   2.326  1.22   1.72   0.89  0.99
TMO     2915  146 +0.197 +1.99     2.846     2.805   2.326  1.22   1.99   0.99  0.57
CVX     2915  146 +0.013 +0.15     3.055     2.903   2.326  1.31   2.47   0.93  0.02
CSCO    2915  146 +0.459 +3.80     3.056     3.057   2.326  1.31   1.72   1.03  0.91
ACN     2915  146 +0.124 +1.34     3.224     3.141   2.326  1.39   2.23   0.93  0.71
MCD     2915  146 +0.078 +0.87     2.968     3.095   2.326  1.28   2.02   1.06  1.00
IBM     2915  146 +0.501 +4.03     3.111     3.432   2.326  1.34   1.78   1.10  0.99
LIN     2915  146 +0.079 +0.88     2.892     2.820   2.326  1.24   2.23   0.86  0.31
QCOM    2915  146 +0.264 +2.53     3.085     3.024   2.326  1.33   2.16   0.99  1.00
GE      2915  146 +0.199 +2.01     2.850     2.800   2.326  1.23   1.82   0.96  0.23
INTU    2915  146 +0.211 +2.11     2.957     3.013   2.326  1.27   2.20   1.06  0.31
PM      2915  146 +0.210 +2.09     3.031     3.079   2.326  1.30   1.99   1.03  0.99
CMCSA   2915  146 +0.219 +2.17     3.105     3.028   2.326  1.33   1.99   0.93  0.82
DIS     2915  146 +0.293 +2.74     2.993     2.981   2.326  1.29   1.82   0.99  1.00
TXN     2915  146 +0.253 +2.44     2.871     2.913   2.326  1.23   1.89   1.06  0.86
CAT     2915  146 +0.045 +0.52     2.878     2.869   2.326  1.24   1.92   0.99  0.74
AMGN    2915  146 +0.266 +2.54     2.913     2.695   2.326  1.25   1.68   0.89  0.98
PFE     2915  146 +0.046 +0.53     2.708     2.626   2.326  1.16   1.54   0.86  0.04
SPGI    2915  146 +0.298 +2.77     2.976     3.091   2.326  1.28   1.99   1.10  0.06

--- AGREGADO ---
activos evaluados: 50/50 | xi>0 significativo (t>1.64): 28 (56%) | excesos bajo VaR-normal >=1.5%: 47 (94%)
xi medio: +0.187 | mediana: +0.171 | p25/p75: +0.108/+0.260
ratio VaR_GPD/VaR_normal: media 1.26 | mediana 1.26 | max 1.40
excesos VaR-normal: media 1.95% | mediana 1.94%
excesos VaR-GPD: media 0.98% (esperado ~1%)
Ljung-Box(10) z2 significativo (<0.05): 8/50 activos (vol residual no capturada por EWMA)

--- VEREDICTO (§19, pre-registrado) ---
gate1: xi>0 sig en 28 activos (>=15: True) | gate2: excesos>=1.5% en 47 activos (>=30%: True)
=> PASA: colas mas pesadas que normal, de forma material y generalizada -> se pre-registra el trial de stops EVT del motor.

Out: data/cache/evt_tails_20260813_155237.txt
